name: data_set_IVb_al_train
fs: 100
clab: Fp1, AFp1, Fpz, AFp2, Fp2, AF7, AF3, AF4, AF8, FAF5, FAF1, FAF2, FAF6, F7, F5, F3, F1, Fz, F2, F4, F6, F8, FFC7, FFC5, FFC3, FFC1, FFC2, FFC4, FFC6, FFC8, FT9, FT7, FC5, FC3, FC1, FCz, FC2, FC4, FC6, FT8, FT10, CFC7, CFC5, CFC3, CFC1, CFC2, CFC4, CFC6, CFC8, T7, C5, C3, C1, Cz, C2, C4, C6, T8, CCP7, CCP5, CCP3, CCP1, CCP2, CCP4, CCP6, CCP8, TP9, TP7, CP5, CP3, CP1, CPz, CP2, CP4, CP6, TP8, TP10, PCP7, PCP5, PCP3, PCP1, PCP2, PCP4, PCP6, PCP8, P9, P7, P5, P3, P1, Pz, P2, P4, P6, P8, P10, PPO7, PPO5, PPO1, PPO2, PPO6, PPO8, PO7, PO3, PO1, POz, PO2, PO4, PO8, OPO1, OPO2, O1, Oz, O2, OI1, OI2, I1, I2
xpos: -0.150069, -0.0757291, 0, 0.0757291, 0.150069, -0.294372, -0.178501, 0.178501, 0.294372, -0.298953, -0.0817314, 0.0817314, 0.298953, -0.543928, -0.43094, -0.296077, -0.150326, 0, 0.150326, 0.296077, 0.43094, 0.543928, -0.569781, -0.416314, -0.252804, -0.0847134, 0.0847134, 0.252804, 0.416314, 0.569781, -0.863391, -0.710677, -0.540436, -0.36292, -0.182118, 0, 0.182118, 0.36292, 0.540436, 0.710677, 0.863391, -0.661481, -0.473664, -0.284566, -0.0949086, 0.0949086, 0.284566, 0.473664, 0.661481, -0.769231, -0.576923, -0.384615, -0.192308, 0, 0.192308, 0.384615, 0.576923, 0.769231, -0.661481, -0.473664, -0.284566, -0.0949086, 0.0949086, 0.284566, 0.473664, 0.661481, -0.863391, -0.710677, -0.540436, -0.36292, -0.182118, 0, 0.182118, 0.36292, 0.540436, 0.710677, 0.863391, -0.569781, -0.416314, -0.252804, -0.0847134, 0.0847134, 0.252804, 0.416314, 0.569781, -0.613058, -0.543928, -0.43094, -0.296077, -0.150326, 0, 0.150326, 0.296077, 0.43094, 0.543928, 0.613058, -0.450784, -0.298953, -0.0817314, 0.0817314, 0.298953, 0.450784, -0.294372, -0.178501, -0.0927241, 0, 0.0927241, 0.178501, 0.294372, -0.0757291, 0.0757291, -0.150069, 0, 0.150069, -0.0932573, 0.0932573, -0.148134, 0.148134
ypos: -0.150069, -0.0757291, 0, 0.0757291, 0.150069, -0.294372, -0.178501, 0.178501, 0.294372, -0.298953, -0.0817314, 0.0817314, 0.298953, -0.543928, -0.43094, -0.296077, -0.150326, 0, 0.150326, 0.296077, 0.43094, 0.543928, -0.569781, -0.416314, -0.252804, -0.0847134, 0.0847134, 0.252804, 0.416314, 0.569781, -0.863391, -0.710677, -0.540436, -0.36292, -0.182118, 0, 0.182118, 0.36292, 0.540436, 0.710677, 0.863391, -0.661481, -0.473664, -0.284566, -0.0949086, 0.0949086, 0.284566, 0.473664, 0.661481, -0.769231, -0.576923, -0.384615, -0.192308, 0, 0.192308, 0.384615, 0.576923, 0.769231, -0.661481, -0.473664, -0.284566, -0.0949086, 0.0949086, 0.284566, 0.473664, 0.661481, -0.863391, -0.710677, -0.540436, -0.36292, -0.182118, 0, 0.182118, 0.36292, 0.540436, 0.710677, 0.863391, -0.569781, -0.416314, -0.252804, -0.0847134, 0.0847134, 0.252804, 0.416314, 0.569781, -0.613058, -0.543928, -0.43094, -0.296077, -0.150326, 0, 0.150326, 0.296077, 0.43094, 0.543928, 0.613058, -0.450784, -0.298953, -0.0817314, 0.0817314, 0.298953, 0.450784, -0.294372, -0.178501, -0.0927241, 0, 0.0927241, 0.178501, 0.294372, -0.0757291, 0.0757291, -0.150069, 0, 0.150069, -0.0932573, 0.0932573, -0.148134, 0.148134
